*** SAMPLE MET FILE : HALF-HOURLY DATA ***

&ENVIRON
PRESS = 0.98E5
CA = 365
DIFSKY = 0.0
/

&LATLONG
LATHEM = 'N'
LAT =  64 07 0
LONHEM = 'E'
LONG =  19 27 0
TZLONG = 15
/


&FORMAT					
DAYORHR	=1			
START = '16/07/00'
END = '30/07/00'
NOCOLUMNS = 7
COLUMNS = 
'DATE' 'TIME' 'WIND' 'TAIR' 'RH' 'VPD'  'PAR'  
/

DATA STARTS
198	0.30	4.821	10.503	0.812	238.6777537	0.369
198	1.00	4.549	10.527	0.79	267.0351594	0.547
198	1.30	4.786	10.393	0.77433	284.4071651	1.216
198	2.00	5.28	10.337	0.76733	292.1348388	2.966
198	2.30	5.493	10.05	0.77733	274.2657786	8.874
198	3.00	4.986	9.793	0.786	259.0869268	24.357
198	3.30	4.736	9.56	0.79067	249.4997441	50.317
198	4.00	4.48	9.46	0.79467	243.0925616	96.9
198	4.30	5.05	9.603	0.78733	254.2140058	166.3
198	5.00	5.168	9.847	0.77033	279.0670494	266.367
198	5.30	5.255	10.1	0.75	308.9605594	360.667
198	6.00	5.372	10.307	0.735	332.0616157	526.7
198	6.30	5.418	11.04	0.70217	391.8707375	836.233
198	7.00	5.248	11.593	0.68747	426.5597342	902.467
198	7.30	5.398	12.667	0.64297	522.9994542	1219.67
198	8.00	5.122	13.38	0.61437	591.8485446	1343.33
198	8.30	4.974	12.797	0.62687	551.2595011	780.333
198	9.00	4.615	12.87	0.6244	557.5671695	825.733
198	9.30	5.234	11.897	0.6782	448.1184068	537.933
198	10.00	6.242	12.283	0.6597	486.0812359	931.1
198	10.30	6.168	13.623	0.60313	618.8156762	1323.67
198	11.00	5.81	13.83	0.58387	657.6377347	1228
198	11.30	6.182	13.76	0.5751	668.4501675	1204.33
198	12.00	5.195	14.01	0.56443	696.4505081	1191
198	12.30	4.63	14.34	0.5332	762.5143102	1325.63
198	13.00	5.171	14.38	0.53093	768.2076275	1159.67
198	13.30	5.838	14.827	0.50633	832.1704949	1162.67
198	14.00	5.237	15.037	0.50333	848.627578	1350
198	14.30	4.981	15.453	0.4846	904.4834265	1393.33
198	15.00	4.792	15.027	0.48127	885.749875	1091
198	15.30	5.48	15.657	0.4708	940.9231871	1086.67
198	16.00	5.294	14.647	0.4947	841.9429209	720.733
198	16.30	5.193	16.127	0.42943	1045.42036	1231.67
198	17.00	4.746	14.687	0.47863	870.9645879	640
198	17.30	5.585	15.177	0.46997	913.8187621	881.333
198	18.00	4.499	13.7	0.52203	749.0121901	432.067
198	18.30	4.994	13.697	0.53057	735.4859215	339.733
198	19.00	4.676	12.94	0.5794	627.2348002	170.167
198	19.30	4.656	12.19	0.63453	518.8499548	80.133
198	20.00	4.354	11.59	0.67207	447.4898106	89.467
198	20.30	4.945	11.567	0.67393	444.2754799	98.133
198	21.00	4.439	10.863	0.6869	407.1450354	66.967
198	21.30	4.117	9.47	0.757	287.884033	22.123
198	22.00	3.253	8.84	0.78767	241.0895419	8.228
198	22.30	3.596	7.843	0.83167	178.6277152	2.788
198	23.00	3.324	7.817	0.83933	170.1973496	1.162
198	23.30	2.585	7.987	0.83767	173.9578589	0.478
198	23.59	2.729	8.11	0.831	182.6270339	0.396
199	0.30	2.636	7.727	0.84933	158.6282419	0.246
199	1.00	3.078	7.74	0.85067	157.3568839	0.369
199	1.30	3.1	7.797	0.847	161.8518005	0.861
199	2.00	2.834	7.98	0.832	179.9482706	2.447
199	2.30	2.734	7.887	0.84033	169.9464929	6.847
199	3.00	2.936	7.843	0.85133	157.7649998	13.63
199	3.30	3.349	7.817	0.85333	155.3671828	30.033
199	4.00	2.729	7.55	0.844	162.2680243	84.613
199	4.30	2.923	7.387	0.822	183.1012272	152.367
199	5.00	3.131	6.966	0.83433	165.5740744	160.567
199	5.30	3.88	7.587	0.818	189.7915384	320.267
199	6.00	4.304	8.34	0.77467	247.3325943	382.667
199	6.30	4.441	9.623	0.7272	326.5284319	1001
199	7.00	4.506	9.53	0.71527	338.685258	601.967
199	7.30	4.108	8.88	0.75833	275.1462421	473.233
199	8.00	4.262	8.963	0.75433	281.2726282	578.3
199	8.30	4.325	8.783	0.758	273.7215675	609.833
199	9.00	3.723	9.433	0.74333	303.3232805	851
199	9.30	3.658	10.097	0.70343	366.4401737	1154
199	10.00	3.418	10.067	0.70633	362.1292643	801
199	10.30	2.622	10.083	0.70253	367.2080653	762.933
199	11.00	2.875	11.137	0.66273	446.630663	1313.33
199	11.30	2.869	10.823	0.65943	441.6894729	708.167
199	12.00	2.889	10.497	0.67563	411.6432399	475.433
199	12.30	3.978	11.257	0.66663	444.993701	1081.33
199	13.00	3.836	11.987	0.6273	522.0874814	1082
199	13.30	3.168	12.673	0.60887	573.176635	1414.67
199	14.00	3.12	12.49	0.6156	556.5919706	899.667
199	14.30	3.036	12.487	0.62367	544.7997049	691.733
199	15.00	3.438	11.447	0.71013	391.8291385	541.267
199	15.30	3.419	12.213	0.68387	449.4827355	892.733
199	16.00	2.431	11.41	0.71617	382.7259839	516.267
199	16.30	2.937	11.317	0.69847	404.0963296	510.767
199	17.00	2.997	12.287	0.66587	477.3936167	846.333
199	17.30	3.56	10.893	0.765	306.1965266	239.2
199	18.00	3.813	10.113	0.86567	166.1551342	319.5
199	18.30	3.258	10.56	0.84533	197.1109395	343.6
199	19.00	3.082	10.6	0.83	217.2257963	228.233
199	19.30	2.767	10.72	0.80933	245.5930865	269.233
199	20.00	2.552	10.913	0.808	250.5019204	158.233
199	20.30	2.376	10.583	0.83333	212.7295775	102.7
199	21.00	2.694	10.03	0.83333	205.0151418	58.263
199	21.30	2.493	9.213	0.86867	152.9193229	27.813
199	22.00	2.438	8.387	0.88767	123.6923514	9.102
199	22.30	2.595	7.86	0.91733	87.82905059	2.747
199	23.00	2.658	7.417	0.92633	75.93686484	1.162
199	23.30	2.532	6.9	0.918	81.58217252	0.642
199	23.59	2.685	6.331	0.91833	78.13436229	0.519
200	0.30	2.583	5.676	0.94267	52.41948237	0.492
200	1.00	2.898	5.443	0.936	57.57963183	0.67
200	1.30	3.213	5.196	0.93167	60.42852918	1.791
200	2.00	3.443	5.067	0.93133	60.18613689	4.526
200	2.30	3.268	4.848	0.93933	52.36861687	13.92
200	3.00	3.081	4.983	0.93233	58.96347808	37.647
200	3.30	2.842	5.27	0.92467	66.96295537	89.633
200	4.00	2.903	5.752	0.90533	87.0183196	193.867
200	4.30	2.785	6.315	0.874	120.4122982	306.533
200	5.00	2.503	7.141	0.81167	190.4928003	427.767
200	5.30	2.589	8.13	0.791	226.1596146	560.4
200	6.00	2.405	9.13	0.77767	257.4345615	699
200	6.30	2.44	10.057	0.75067	307.2471916	838.667
200	7.00	2.359	11.177	0.72667	362.9198019	976.667
200	7.30	2.674	12.383	0.66517	481.4219966	1110
200	8.00	2.748	13.13	0.6396	544.1762391	1239.67
200	8.30	3.418	13.847	0.58673	653.8394987	1272.33
200	9.00	4.082	14.63	0.54663	754.5874071	1438
200	9.30	3.641	15.01	0.5102	835.4363192	1426.33
200	10.00	3.355	15.217	0.49823	867.3228434	1610.33
200	10.30	3.105	15.11	0.49313	870.1323818	1251.67
200	11.00	2.658	16.02	0.4615	979.9445312	1538
200	11.30	2.183	16.383	0.42493	1071.000093	1602.33
200	12.00	1.912	15.343	0.44633	964.8097876	774.2
200	12.30	2.253	15.403	0.45087	960.5905082	672.367
200	13.00	1.864	15.103	0.45823	929.6258152	564.367
200	13.30	3.872	14.5	0.5343	768.6285305	574.3
200	14.00	2.569	13.937	0.59403	646.0543758	977.767
200	14.30	2.399	14.89	0.52893	797.3043387	1046.23
200	15.00	2.04	13.76	0.57677	665.8229333	518
200	15.30	1.969	14.15	0.54667	731.4568669	698.5
200	16.00	1.667	15.123	0.50317	853.6102822	1165.67
200	16.30	2.042	15.753	0.47893	932.1790686	1139.33
200	17.00	2.746	15.557	0.47353	930.0915364	834.3
200	17.30	3.038	15.377	0.47263	920.9879019	704.033
200	18.00	2.655	13.973	0.56167	699.1831729	327.067
200	18.30	2.009	13.733	0.6023	624.5621608	478.767
200	19.00	0.77	14.323	0.5633	712.5619356	488.933
200	19.30	0.694	13.927	0.58783	655.495347	349.367
200	20.00	1.417	12.813	0.6328	543.0672838	173.633
200	20.30	1.233	11.24	0.73967	347.1059772	85.767
200	21.00	0.891	10.58	0.80933	243.313369	39.727
200	21.30	2.644	10.957	0.77267	297.4655065	13.5
200	22.00	1.88	10.307	0.772	285.6982958	4.756
200	22.30	1.942	9.867	0.797	246.9918296	1.011
200	23.00	1.712	9.443	0.82833	203.0098665	0.547
200	23.30	1.276	9.047	0.858	163.5030571	0.342
200	23.59	0.908	8.477	0.86933	144.768199	0.383
201	0.30	0.807	7.385	0.89267	110.3908283	0.328
201	1.00	0.734	6.692	0.92033	78.1394204	0.56
201	1.30	1.218	7.088	0.94433	56.10518399	1.23
201	2.00	0.963	6.711	0.93167	67.10488247	3.554
201	2.30	1.107	6.146	0.94233	54.47343267	11.59
201	3.00	1.011	5.91	0.955	41.81787633	31.923
201	3.30	1.18	6.079	0.969	29.1464958	54.62
201	4.00	1.814	6.012	0.973	25.26836783	83.5
201	4.30	1.833	6.685	0.97067	28.75268409	213.5
201	5.00	1.873	8.347	0.84967	165.0875286	410.7
201	5.30	2.117	8.983	0.801	228.1470234	544.1
201	6.00	2.083	9.66	0.77733	267.1882644	680
201	6.30	1.741	10.33	0.73267	335.4962283	818.333
201	7.00	1.696	11.093	0.73233	353.4291001	957.667
201	7.30	1.411	11.95	0.71303	401.0154586	1092.33
201	8.00	1.668	12.787	0.68223	469.1636749	1221.33
201	8.30	1.502	13.723	0.6397	565.460135	1341
201	9.00	1.6	14.683	0.59617	674.43631	1448.67
201	9.30	1.784	15.393	0.55213	782.9542972	1545.67
201	10.00	1.644	16.097	0.50087	912.7761606	1617.67
201	10.30	1.786	16.83	0.44183	1069.487514	1880.67
201	11.00	2.402	16.96	0.453	1056.762675	1406.67
201	11.30	2.024	17.457	0.42323	1149.872495	1785
201	12.00	1.944	17.677	0.3919	1229.2793	1837.33
201	12.30	1.131	18.313	0.37373	1317.672871	1878.33
201	13.00	0.821	18.253	0.3605	1340.452615	1599
201	13.30	3.49	16.39	0.53927	858.4378719	589.067
201	14.00	2.837	17.66	0.52373	961.7524809	1364
201	14.30	2.611	17.3	0.52077	945.9813034	1081.5
201	15.00	2.463	17.66	0.49377	1022.251997	1178
201	15.30	1.985	17.207	0.49703	987.0201462	913.667
201	16.00	2.065	15.933	0.5498	814.7186481	426.933
201	16.30	2.192	15.503	0.58623	728.4633962	465.2
201	17.00	2.714	16.897	0.5066	949.4112431	741.167
201	17.30	2.766	16.16	0.544	837.2616231	498.5
201	18.00	3.01	15.877	0.5578	797.3820325	421.167
201	18.30	2.444	15.24	0.59663	698.2669757	267.733
201	19.00	2.681	14.657	0.6253	624.7371823	247.133
201	19.30	2.67	13.74	0.6612	532.3056913	129.6
201	20.00	2.211	12.613	0.72533	400.9313044	88.067
201	20.30	1.613	12.277	0.75167	354.5722511	59.573
201	21.00	2.343	12.02	0.759	338.3338283	40.223
201	21.30	2.399	11.6	0.78833	289.0336772	22.6
201	22.00	2.635	10.39	0.80667	243.6009556	7.244
201	22.30	2.342	9.17	0.83567	190.7905019	2.255
201	23.00	2.635	8.573	0.869	146.0808686	0.847
201	23.30	2.589	8.4	0.89733	113.1549541	0.41
201	23.59	2.424	8.17	0.89933	109.2318703	0.396
202	0.30	2.651	7.913	0.88367	124.0364985	0.355
202	1.00	2.578	7.653	0.878	127.797242	0.492
202	1.30	2.677	7.36	0.87167	131.7642508	1.134
202	2.00	2.941	7.331	0.90067	101.786082	3.117
202	2.30	3.125	7.327	0.921	80.93124445	9.705
202	3.00	2.732	7.343	0.954	47.1761262	24.293
202	3.30	2.514	7.103	0.96133	39.01237705	45.407
202	4.00	2.034	6.854	0.96167	38.01444371	66.917
202	4.30	2.134	6.526	0.95833	40.40531367	88.133
202	5.00	2.252	6.452	0.96333	35.37630671	102.9
202	5.30	2.382	6.238	0.969	29.46828759	122.1
202	6.00	2.379	6.66	0.975	24.46581432	150.433
202	6.30	2.356	7.523	0.97933	21.46090481	206.8
202	7.00	1.904	10.997	0.928	94.46404658	944
202	7.30	1.309	10.747	0.85067	192.6909956	589.633
202	8.00	1.728	10.107	0.87667	152.4878203	466.233
202	8.30	1.957	11.643	0.85767	194.9036698	957.667
202	9.00	2.254	14.35	0.71443	466.7783637	1491.33
202	9.30	2.15	16.173	0.60137	732.5317369	1543.33
202	10.00	2.323	17.213	0.57257	839.1001634	1620.67
202	10.30	2.487	18.027	0.5333	964.4575592	1645
202	11.00	1.613	18.36	0.46637	1126.072925	1663.67
202	11.30	1.533	19.093	0.405	1314.468937	1686.33
202	12.00	1.867	18.993	0.42	1273.362722	1482.33
202	12.30	2.951	19.977	0.3945	1413.21011	1752
202	13.00	3.415	18.853	0.44733	1202.800534	775.767
202	13.30	3.034	16.86	0.53743	888.000838	274.1
202	14.00	3.231	16.76	0.56777	824.5072057	351.633
202	14.30	1.544	16.317	0.6163	711.5982731	379.6
202	15.00	5.703	12.723	0.811	277.8768581	190.267
202	15.30	4.959	10.843	0.93367	86.13871936	181
202	16.00	3.784	11.25	0.93033	92.95475674	269.133
202	16.30	3.05	12.25	0.963	52.73586804	444.367
202	17.00	1.502	13.903	0.923	122.2664549	767.033
202	17.30	3.029	13.103	0.929	107.0156095	305.7
202	18.00	2.354	13.24	0.939	92.7691837	442.4
202	18.30	2.438	13.607	0.89333	166.151082	349.267
202	19.00	2.516	12.057	0.903	136.5082185	228.233
202	19.30	2.28	11.077	0.939	80.45835728	177.2
202	20.00	2.593	10.897	0.94867	66.89892758	130.067
202	20.30	2.849	10.767	0.95967	52.10995292	76.063
202	21.00	2.874	10.02	0.963	45.48199294	36.283
202	21.30	2.753	9.457	0.96767	38.26813967	16.78
202	22.00	3.111	9.363	0.97367	30.96963639	5.796
202	22.30	2.86	9.133	0.97733	26.25476591	1.859
202	23.00	3.018	8.75	0.97767	25.20073683	0.697
202	23.30	3.159	8.78	0.97967	22.99021	0.342
202	23.59	3.072	8.503	0.97633	26.27004363	0.273
203	0.30	3.126	7.94	0.97167	30.26234898	0.219
203	1.00	2.915	7.8	0.97533	26.10261657	0.465
203	1.30	2.945	7.297	0.97633	24.19892086	0.957
203	2.00	2.746	6.895	0.97567	24.19772079	2.844
203	2.30	2.793	6.808	0.978	21.75005694	9.175
203	3.00	2.869	6.63	0.97867	20.83120187	26.497
203	3.30	2.561	6.797	0.979	20.74573495	60.85
203	4.00	2.564	6.995	0.978	22.0310463	138.267
203	4.30	2.295	7.797	0.95733	45.1386688	276.733
203	5.00	2.271	8.61	0.88267	131.1653883	410.6
203	5.30	1.958	9.493	0.85467	172.4400681	485.933
203	6.00	2.151	10.637	0.837	208.795315	613.2
203	6.30	1.916	11.033	0.82833	225.7703532	567.2
203	7.00	2.29	11.863	0.798	280.6622793	978
203	7.30	1.967	13.377	0.74933	384.6424351	1149.33
203	8.00	2.056	14.307	0.6968	494.2184374	1124.33
203	8.30	2.44	15.107	0.65677	589.1015841	1392.67
203	9.00	2.132	16.05	0.60517	719.8762299	1496
203	9.30	2.847	16.947	0.5194	927.7179866	1556
203	10.00	3.058	17.627	0.4786	1050.696703	1635
203	10.30	3.096	18.157	0.4567	1131.964799	1583.33
203	11.00	2.915	18.733	0.43273	1225.350151	1782.33
203	11.30	2.544	19.57	0.40013	1365.164172	1765.67
203	12.00	3.132	19.273	0.4226	1289.975604	1479.33
203	12.30	2.766	17.527	0.53467	931.8099873	609
203	13.00	3.579	17.893	0.53007	962.9809579	924.333
203	13.30	3.289	19.41	0.43637	1269.994814	1580
203	14.00	3.479	19.997	0.43	1332.003529	1497.67
203	14.30	3.54	18.623	0.46683	1143.793348	898
203	15.00	3.045	19.093	0.46467	1182.646481	949.4
203	15.30	4.305	19.187	0.4647	1189.529937	1120
203	16.00	4.033	19.353	0.44893	1237.298171	1119.67
203	16.30	4.358	19.2	0.4583	1204.727323	1017.33
203	17.00	4.093	18.83	0.46803	1156.087684	882.333
203	17.30	4.416	18.26	0.4865	1076.817646	742
203	18.00	4.476	17.527	0.52307	955.0386548	616.3
203	18.30	4.408	16.94	0.53323	900.621686	494
203	19.00	4.098	16.167	0.57063	788.718371	385.9
203	19.30	3.441	15.53	0.60003	705.3877226	284.9
203	20.00	3.645	14.733	0.61773	640.4917161	167.867
203	20.30	3.297	13.713	0.67473	510.1517379	91.3
203	21.00	2.939	12.843	0.73333	395.1647427	46.143
203	21.30	3.086	11.86	0.78467	299.1239997	19.577
203	22.00	3.218	11.337	0.811	253.6247758	4.863
203	22.30	3.262	11.597	0.79433	280.7850288	1.066
203	23.00	3.243	11.153	0.793	274.4114501	0.492
203	23.30	3.269	10.003	0.82067	220.1893958	0.314
203	23.59	3.425	9.543	0.826	207.15325	0.26
204	0.30	3.165	9.01	0.824	202.146334	0.219
204	1.00	3.052	8.343	0.87033	142.3607446	0.369
204	1.30	3.042	7.53	0.89333	110.8045203	0.793
204	2.00	2.888	7.14	0.929	71.81045104	2.05
204	2.30	2.774	7.697	0.94833	54.28797767	5.401
204	3.00	3.622	7.75	0.93867	64.67072675	19.273
204	3.30	3.435	7.973	0.92967	75.29603921	48.597
204	4.00	3.198	8.07	0.93933	65.38396525	85.56
204	4.30	3.095	8.013	0.94	64.41170364	116.867
204	5.00	2.903	8.717	0.90433	107.7285706	216.567
204	5.30	2.704	9.987	0.80633	237.5420546	322.933
204	6.00	2.76	10.757	0.79433	265.5671585	578.6
204	6.30	2.707	12.207	0.69057	439.7828356	806
204	7.00	2.754	13.473	0.69393	472.598778	939
204	7.30	2.93	14.57	0.67587	537.3947994	1069.67
204	8.00	2.675	15.48	0.62687	655.9464772	1201.67
204	8.30	3.443	16.747	0.5452	866.8451431	1319.33
204	9.00	3.756	17.78	0.49473	1028.058928	1420.67
204	9.30	3.755	18.693	0.46183	1159.58725	1514.33
204	10.00	3.669	19.3	0.42977	1276.100567	1591.67
204	10.30	3.787	20.187	0.42297	1364.3794	1651.67
204	11.00	3.049	20.727	0.39523	1478.42396	1694
204	11.30	3.117	21.373	0.37683	1585.074989	1708.33
204	12.00	2.647	20.773	0.38143	1516.448428	1379.67
204	12.30	2.824	22.05	0.3468	1731.650201	1759.33
204	13.00	2.583	22.207	0.35567	1724.553392	1418
204	13.30	2.388	20.993	0.38203	1535.61734	782.433
204	14.00	2.545	19.743	0.44557	1275.379342	393.233
204	14.30	2.309	19.413	0.48447	1161.830669	375.933
204	15.00	3.122	20.027	0.48457	1206.721235	609.933
204	15.30	3.597	22.137	0.39717	1606.61392	1420.67
204	16.00	3.689	22.577	0.35837	1756.401366	1310.33
204	16.30	3.663	21.753	0.38793	1593.465746	959.533
204	17.00	2.993	20.857	0.42713	1411.691875	777.867
204	17.30	2.939	20.507	0.44757	1332.285271	497.333
204	18.00	3.072	18.843	0.52767	1027.310963	225.3
204	18.30	2.326	18.433	0.53527	985.1777457	147.933
204	19.00	3.006	18.343	0.53803	973.8162683	299.567
204	19.30	3.401	18.14	0.5296	979.0317507	253.6
204	20.00	3.122	16.377	0.55717	824.4036319	61.18
204	20.30	3.227	15.57	0.5586	780.4520227	43.94
204	21.00	3.763	15.123	0.5701	738.6169521	22.987
204	21.30	3.467	14.597	0.5726	709.8490256	9.463
204	22.00	3.576	13.753	0.58497	652.625737	3.593
204	22.30	3.38	12.133	0.64963	495.5501383	1.216
204	23.00	3.049	11.133	0.7063	388.8297584	0.519
204	23.30	2.874	10.227	0.74767	314.4997097	0.328
204	23.59	2.869	9.683	0.77167	274.4032407	0.246
205	0.30	3.451	9.1	0.796	235.732994	0.232
205	1.00	3.475	8.863	0.81233	213.4208597	0.219
205	1.30	3.147	8.493	0.81967	200.0028612	0.615
205	2.00	3.111	7.89	0.862	146.9118048	1.845
205	2.30	3.095	7.713	0.87167	134.9793401	5.987
205	3.00	2.859	8.08	0.856	155.2941382	19.737
205	3.30	3.07	7.793	0.85867	149.4658832	55.523
205	4.00	2.848	8.38	0.84267	173.1619322	150.867
205	4.30	2.852	9.67	0.76867	277.7660759	226.933
205	5.00	2.619	10.547	0.73567	336.5694733	323.333
205	5.30	2.226	12.51	0.63223	533.2121508	412.967
205	6.00	1.962	13.343	0.66463	513.4714296	636.5
205	6.30	2.188	14.523	0.6261	618.0322676	713.333
205	7.00	2.171	14.813	0.62333	634.3730005	781
205	7.30	2.845	16.137	0.59043	750.9088984	1070.67
205	8.00	3.215	16.257	0.57227	790.2276991	956.667
205	8.30	3.545	16.93	0.53283	900.8221191	1076
205	9.00	3.32	16.663	0.55427	845.0369448	904.333
205	9.30	3.61	18.147	0.51303	1013.964232	1429
205	10.00	3.818	19.07	0.46133	1188.319473	1551.67
205	10.30	4.176	20	0.4021	1397.461191	1705.67
205	11.00	4.075	20.313	0.39103	1451.158358	1573.33
205	11.30	3.947	20.86	0.43153	1401.107763	1688.67
205	12.00	4.009	21.147	0.41227	1474.352671	1725
205	12.30	4.027	21.377	0.4204	1474.613152	1729.67
205	13.00	3.974	21.33	0.4265	1454.896655	1666
205	13.30	3.855	21.477	0.39837	1540.066338	1600.67
205	14.00	4.223	21.507	0.3754	1601.804814	1578.67
205	14.30	4.077	21.28	0.3639	1608.765602	1313
205	15.00	3.807	19.21	0.42423	1281.296212	557.467
205	15.30	4.115	18.977	0.42633	1258.20848	661.9
205	16.00	3.861	19.047	0.44657	1219.130159	719.3
205	16.30	4.145	18.263	0.47153	1108.418643	489.633
205	17.00	4.113	17.77	0.4874	1042.316262	399.3
205	17.30	3.782	17.38	0.5124	967.3826727	357.833
205	18.00	4.083	17.327	0.53013	929.0895868	445.133
205	18.30	4.077	16.837	0.5458	870.6613542	404.5
205	19.00	4.226	16.087	0.5964	737.606261	313
205	19.30	3.338	15.127	0.6481	604.7596442	138.133
205	20.00	3.25	14.167	0.6967	489.9198586	77.267
205	20.30	3.105	13.967	0.712	459.2119414	57.737
205	21.00	3.409	13.103	0.745	384.3518369	24.313
205	21.30	3.318	12.13	0.77833	313.4597866	8.853
205	22.00	3.721	11.38	0.816	247.6194178	2.842
205	22.30	3.815	11.57	0.81233	255.7540468	0.998
205	23.00	3.97	11.5	0.83567	222.9120796	0.287
205	23.30	3.859	11.05	0.88033	157.5607629	0.137
205	23.59	4.143	11.023	0.91167	116.0893302	0.055
206	0.30	3.878	10.6	0.92433	96.69103533	0.109
206	1.00	3.806	10.33	0.94833	64.84528528	0.096
206	1.30	3.575	10.153	0.96167	47.53806828	0.478
206	2.00	3.555	10.397	0.97467	31.93139177	1.476
206	2.30	3.466	10.687	0.98	25.70451953	4.688
206	3.00	3.349	10.623	0.97933	26.45261073	16.13
206	3.30	3.29	10.693	0.981	24.42905228	44.407
206	4.00	3.066	10.893	0.97833	28.23522865	99.8
206	4.30	3.049	11.327	0.969	41.57227871	174.567
206	5.00	2.914	11.997	0.927	102.327646	242.6
206	5.30	2.513	12.503	0.89233	156.0338765	385.867
206	6.00	2.417	13.537	0.84	248.0858566	502.5
206	6.30	1.841	14.573	0.78933	349.3502604	724.167
206	7.00	1.471	15.427	0.75067	436.8239111	614.3
206	7.30	1.669	16.303	0.69173	571.198366	687.5
206	8.00	1.338	16.763	0.6783	613.7808461	852
206	8.30	2.067	17.847	0.63167	752.5997292	1022.33
206	9.00	1.749	18.187	0.60663	821.1314615	714.3
206	9.30	2.084	18.577	0.59217	872.3897025	760.667
206	10.00	2.141	19.697	0.5573	1015.459016	1242
206	10.30	2.698	20.407	0.5493	1080.258106	1382.33
206	11.00	2.492	21.5	0.51623	1240.110661	1661.33
206	11.30	2.449	22.557	0.47533	1434.491194	1727.33
206	12.00	2.141	23.32	0.43453	1619.149287	1688.67
206	12.30	2	23.603	0.42103	1686.344903	1712.67
206	13.00	1.746	22.79	0.4505	1523.769189	911.067
206	13.30	1.657	23.823	0.42203	1705.876021	1513.67
206	14.00	1.388	23.847	0.3944	1790.007819	1287.17
206	14.30	2.102	23.563	0.40233	1736.620751	1036.23
206	15.00	2.27	24.36	0.39537	1843.026096	1256.33
206	15.30	2.565	25.07	0.37747	1979.817067	1359
206	16.00	2.571	24.45	0.4127	1799.875879	1211
206	16.30	1.557	24.177	0.4342	1705.847815	1017
206	17.00	2.333	22.437	0.47883	1414.570761	239.333
206	17.30	1.358	20.027	0.59443	949.5177447	57.177
206	18.00	2.123	16.66	0.8354	311.9973288	17.921
206	18.30	0.898	15.02	0.95533	76.24125539	61.36
206	19.00	1.849	15.383	0.972	48.91744528	141.8
206	19.30	1.514	15.807	0.98	35.90324275	108.633
206	20.00	1.337	15.8	0.979	37.68152871	60.287
206	20.30	1.485	15.147	0.969	53.3437728	37.623
206	21.00	1.953	14.71	0.971	48.51733482	18.603
206	21.30	0.991	14.367	0.97467	41.44870331	5.175
206	22.00	2.145	14.07	0.979	33.70866371	1.68
206	22.30	2.424	13.993	0.982	28.74920523	0.615
206	23.00	2.49	14.183	0.98267	28.02214465	0.164
206	23.30	2.395	14.017	0.98033	31.46544372	0.068
206	23.59	2.512	13.437	0.97767	34.39869133	0.314
207	0.30	2.558	13.02	0.975	37.4777053	0.287
207	1.00	2.888	13.023	0.97467	37.97985909	0.246
207	1.30	2.778	13.21	0.974	39.4636136	0.451
207	2.00	3.054	13.24	0.96967	46.12605478	0.547
207	2.30	3.277	13.583	0.95867	64.27586676	1.449
207	3.00	3.305	13.863	0.92533	118.2591437	3.335
207	3.30	3.281	13.787	0.932	107.1650779	11.273
207	4.00	2.967	13.623	0.941	91.99517449	26.473
207	4.30	3.191	13.493	0.94333	87.61749378	37.61
207	5.00	3.559	13.467	0.951	75.63070673	55.883
207	5.30	3.569	13.523	0.948	80.55443669	93.793
207	6.00	3.076	13.677	0.935	101.7072714	118.9
207	6.30	3.241	13.667	0.933	104.7685607	111.833
207	7.00	3.487	13.89	0.91767	130.6195382	150.367
207	7.30	3.447	14.18	0.90367	155.7327543	249.133
207	8.00	2.968	14.517	0.88833	184.5116708	300.967
207	8.30	3.139	14.39	0.88733	184.6418521	315.633
207	9.00	3.742	14.32	0.88733	183.8075772	394.167
207	9.30	3.278	14.197	0.899	163.4624628	378.767
207	10.00	2.764	15.587	0.84667	271.4026655	1121.67
207	10.30	3.289	17.49	0.721	557.3861353	1394.67
207	11.00	2.928	18.24	0.67943	671.3970488	1354
207	11.30	2.961	18.247	0.66533	701.235916	1141.33
207	12.00	3.251	18.273	0.64717	740.4939806	1117.77
207	12.30	3.402	18.697	0.62793	801.8945478	983.333
207	13.00	4.253	18.503	0.62093	807.1201166	1085
207	13.30	4.44	18.797	0.58433	901.4812338	1058.93
207	14.00	4.203	18.777	0.59227	883.1566896	1087.33
207	14.30	4.024	19.31	0.5663	971.1686153	1119.33
207	15.00	3.203	18.09	0.6067	815.9979669	781.633
207	15.30	3.959	19.673	0.5372	1059.983766	1311.67
207	16.00	3.686	18.23	0.56507	910.3393202	582.567
207	16.30	3.609	18.553	0.53533	992.4837044	816.567
207	17.00	3.41	17.443	0.57413	848.2816814	399.033
207	17.30	3.474	17.343	0.56213	866.6910139	329.667
207	18.00	3.715	17.27	0.54403	898.3611354	309.8
207	18.30	3.85	16.627	0.57207	809.4369069	325.467
207	19.00	4.171	16.693	0.56173	832.4790859	271.267
207	19.30	3.682	15.61	0.5962	715.8025686	174.367
207	20.00	3.323	15.01	0.6213	645.9365743	140.9
207	20.30	3.387	14.437	0.64657	580.958597	78.213
207	21.00	3.5	14.053	0.65487	553.3835141	40.037
207	21.30	3.572	13.517	0.66057	525.61368	11.873
207	22.00	3.365	12.82	0.68427	467.1602506	3.033
207	22.30	3.58	12.293	0.69447	436.7031603	0.752
207	23.00	3.719	11.523	0.71433	388.0987414	0.273
207	23.30	4.07	11.18	0.712	382.4743167	0.205
207	23.59	3.759	11.143	0.69917	398.5335349	0.137
208	0.30	3.646	10.533	0.715	362.5498721	0.301
208	1.00	3.585	9.9	0.757	296.3148028	0.26
208	1.30	3.338	9.55	0.773	270.3788125	0.369
208	2.00	3.415	8.953	0.80633	221.5870982	1.052
208	2.30	2.93	8.577	0.818	203.0070341	4.251
208	3.00	3.111	7.97	0.84767	163.0528106	15.257
208	3.30	3.004	8.64	0.83267	187.4416169	26.547
208	4.00	2.399	9.58	0.8	238.699891	22.42
208	4.30	2.411	9.71	0.80567	233.9662245	31.197
208	5.00	3.119	9.79	0.81867	219.4896284	54.963
208	5.30	3.086	10.07	0.815	228.1723206	135.133
208	6.00	2.582	10.467	0.82167	225.8580967	200.9
208	6.30	2.369	10.573	0.86933	166.669783	283.5
208	7.00	2.917	11.447	0.84933	203.6668034	403.367
208	7.30	3.235	12.337	0.83	243.6899533	421.967
208	8.00	3.572	12.947	0.81533	275.52188	447.4
208	8.30	2.573	12.827	0.83467	244.7376319	414.267
208	9.00	1.871	13.3	0.85	229.0157512	734.5
208	9.30	2.133	13.157	0.87267	192.5978261	450.833
208	10.00	1.728	13.503	0.846	238.2545442	636.567
208	10.30	1.893	14.907	0.77433	382.3737924	1028.33
208	11.00	2.075	15.587	0.72797	481.5082965	1315.67
208	11.30	2.542	16.16	0.68683	575.0114529	1024.97
208	12.00	2.478	15.82	0.67813	578.2894822	1085
208	12.30	1.959	16.137	0.65827	626.5305024	1105.2
208	13.00	1.984	17.587	0.60517	793.6348442	1651.67
208	13.30	1.478	17.177	0.5919	799.3299138	1122.83
208	14.00	1.808	17.797	0.56507	885.8881762	1495.67
208	14.30	2.064	18.623	0.54037	986.0302278	1525.67
208	15.00	1.9	15.467	0.7756	394.1567937	601.333
208	15.30	1.311	15.6	0.79067	370.8345415	792.1
208	16.00	1.071	16.173	0.72567	504.1151729	650.167
208	16.30	0.924	16.087	0.72	511.7189125	433.933
208	17.00	1.967	16.69	0.68663	595.1223196	814.8
208	17.30	2.071	17.05	0.6539	672.4635003	779.333
208	18.00	1.721	16.55	0.69313	577.6152487	604.4
208	18.30	1.696	16.32	0.6866	581.3331455	507.4
208	19.00	1.425	15.783	0.7035	531.449019	354.433
208	19.30	1.557	14.973	0.77267	386.8271298	260.633
208	20.00	1.278	14.687	0.80633	323.5316795	148.767
208	20.30	1.753	14.127	0.83	273.889808	66.717
208	21.00	2.086	12.373	0.877	176.7344911	26.623
208	21.30	1.867	11.337	0.91767	110.4810994	9.154
208	22.00	2.525	10.95	0.94933	66.27179668	2.473
208	22.30	2.194	10.773	0.96867	40.49731841	0.724
208	23.00	1.879	10.65	0.97567	31.19258451	0.164
208	23.30	1.619	10.43	0.97767	28.21160927	0.205
208	23.59	1.454	10.1	0.97733	28.01654353	0.164
209	0.30	2.036	9.693	0.97867	25.65125613	0.164
209	1.00	2.109	9.05	0.97733	26.10820161	0.232
209	1.30	1.626	8.877	0.97867	24.27972004	0.15
209	2.00	1.365	8.75	0.98	22.57119286	0.984
209	2.30	1.173	9.087	0.98367	18.8536572	3.417
209	3.00	1.058	8.807	0.984	18.12668136	17.043
209	3.30	0.437	9.153	0.98533	17.01266431	71.12
209	4.00	0.708	10.11	0.988	14.84003192	179.233
209	4.30	0.939	11.013	0.99033	12.70053735	303.1
209	5.00	1.042	12.077	0.92033	112.2674904	472.467
209	5.30	1.194	12.48	0.86133	200.6554453	366.6
209	6.00	0.885	12.257	0.87867	173.010525	324.3
209	6.30	0.769	12.54	0.83967	232.9129475	488.633
209	7.00	1.468	13.247	0.815	281.4777208	681.533
209	7.30	1.924	14.55	0.769	382.4944926	916
209	8.00	2.237	14.97	0.76567	398.6613956	866.333
209	8.30	2.296	15.88	0.71283	517.9288072	1044.33
209	9.00	2.309	15.85	0.70633	528.6370245	762.7
209	9.30	2.217	16.477	0.67093	616.5321456	1104.67
209	10.00	2.474	17.113	0.65587	671.309061	1074.67
209	10.30	2.129	17.28	0.64833	693.30551	1139
209	11.00	2.159	18.183	0.58097	874.4751766	1534
209	11.30	1.472	18.717	0.57193	923.7419078	1415.67
209	12.00	2.788	19.2	0.5624	973.211513	1616.67
209	12.30	2.624	20.533	0.5315	1131.686226	1809.67
209	13.00	2.676	19.91	0.54933	1047.486816	1516.33
209	13.30	2.821	19.093	0.56767	955.0997572	678.7
209	14.00	1.936	17.98	0.61173	800.0102999	475.3
209	14.30	1.223	18.03	0.58723	853.1695767	415.333
209	15.00	1.93	18.27	0.58247	876.1166869	423.667
209	15.30	2.847	17.797	0.5987	817.3888329	291.8
209	16.00	3.159	17.61	0.59827	808.6767389	325.433
209	16.30	2.126	17.51	0.6067	786.7273315	316.333
209	17.00	2.093	17.48	0.60863	781.3853998	368.067
209	17.30	1.488	17.373	0.61613	761.2489029	310.133
209	18.00	0.97	16.887	0.65223	668.762449	259.9
209	18.30	0.88	16.027	0.752	451.5039925	184.867
209	19.00	0.183	15.567	0.74633	448.4349957	106.867
209	19.30	1.42	14.617	0.76	399.1200375	111.033
209	20.00	1.515	13.66	0.76333	369.9147444	87.767
209	20.30	2.21	13.21	0.76867	351.1199128	47.213
209	21.00	2.698	12.233	0.808	273.3505554	22.16
209	21.30	2.671	11.277	0.836	219.2032376	7.43
209	22.00	2.462	10.687	0.87467	161.0773716	1.818
209	22.30	2.406	10.8	0.88933	143.3098489	0.629
209	23.00	2.144	11.513	0.89533	142.1060317	0.178
209	23.30	2.144	11.52	0.889	150.7698099	0.15
209	23.59	1.986	11.273	0.909	121.5988205	0.15
210	0.30	2.038	11.18	0.92967	93.40075935	0.15
210	1.00	2.088	11.09	0.94467	73.04269535	0.178
210	1.30	2.457	11.247	0.95133	64.9233284	0.164
210	2.00	2.494	11.24	0.957	57.33321946	0.314
210	2.30	2.31	11.263	0.95833	55.64467226	0.957
210	3.00	1.955	11.13	0.961	51.62186586	3.868
210	3.30	2.182	11.237	0.96933	40.88511892	15.033
210	4.00	1.737	11.307	0.97	40.17795717	30.463
210	4.30	1.68	11.357	0.968	42.99869283	53.193
210	5.00	1.318	11.51	0.965	47.50858921	116.3
210	5.30	1.532	11.893	0.95533	62.18821819	170.967
210	6.00	1.804	12.09	0.93833	86.97711212	235.133
210	6.30	1.76	12.697	0.896	152.6454656	397.167
210	7.00	1.826	13.527	0.83733	252.0616108	586.567
210	7.30	2.615	13.447	0.83433	255.3759836	517.433
210	8.00	2.052	13.863	0.837	258.1524095	523.267
210	8.30	1.889	14.077	0.84633	246.7791369	435.9
210	9.00	2.036	14.057	0.85433	233.6287446	376.8
210	9.30	1.882	13.857	0.86567	212.6632077	121.033
210	10.00	1.874	13.47	0.92533	115.2744628	268.667
210	10.30	2.117	13.193	0.952	72.77509118	263.767
210	11.00	2.772	14.393	0.916	137.6846117	810.833
210	11.30	2.248	14.983	0.83367	283.2111564	615.867
210	12.00	2.845	15.327	0.81267	326.1008513	630.633
210	12.30	2.925	15.7	0.78933	375.6061901	794.333
210	13.00	2.836	15.877	0.77	414.739637	745
210	13.30	2.338	16.027	0.758	440.5805088	739.2
210	14.00	2.346	15.94	0.76367	427.873393	582.3
210	14.30	2.435	16.073	0.75967	438.8269966	525.333
210	15.00	2.007	15.6	0.77567	397.4075034	268.833
210	15.30	1.778	14.02	0.85567	230.9248252	93.243
210	16.00	2.099	12.33	0.961	55.87962527	40.98
210	16.30	1.031	12.117	0.97667	32.96233211	84.8
210	17.00	0.532	12.05	0.98033	27.66885304	52.103
210	17.30	1.344	11.923	0.982	25.10868366	71.047
210	18.00	0.658	11.897	0.983	23.67312901	112.667
210	18.30	1.538	12.067	0.98367	22.99637209	146.167
210	19.00	1.508	12.147	0.98467	21.70216722	117.333
210	19.30	1.342	12.02	0.98433	21.99871821	45.92
210	20.00	1.923	12.203	0.98567	20.36140519	34.44
210	20.30	2.713	12.23	0.98633	19.4581496	12.767
210	21.00	4.163	11.603	0.98067	26.40019465	7.214
210	21.30	3.771	10.833	0.97033	38.50499702	2.091
210	22.00	4.002	10.467	0.973	34.19597717	0.779
210	22.30	3.856	10.13	0.973	33.4347741	0.287
210	23.00	3.668	9.797	0.973	32.69730812	0.232
210	23.30	3.753	9.347	0.97067	34.46113941	0.137
210	23.59	3.481	9.123	0.97433	29.70911191	0.082
211	0.30	3.664	9.06	0.97467	29.19131287	0.287
211	1.00	4.15	8.963	0.97433	29.39011017	0.273
211	1.30	3.913	8.797	0.97467	28.67740921	0.301
211	2.00	4.279	8.743	0.97267	30.8289363	0.191
211	2.30	4.072	8.633	0.97	33.58982004	0.738
211	3.00	3.863	8.48	0.97467	28.06860166	2.228
211	3.30	4.473	8.353	0.978	24.16952333	7.329
211	4.00	4.008	8.303	0.97933	22.631447	28.807
211	4.30	4.368	8.35	0.97633	25.99891748	89.397
211	5.00	4.321	8.213	0.96567	37.35869988	139.7
211	5.30	4.319	8.72	0.93167	76.95816104	549.133
211	6.00	5.107	9.123	0.908	106.4759757	441.633
211	6.30	4.955	8.603	0.91233	97.96148212	384.567
211	7.00	6.028	9.03	0.89733	118.0817902	365.8
211	7.30	6.008	9.267	0.87967	140.6216539	467.6
211	8.00	4.865	10.217	0.843	195.5513099	754.433
211	8.30	5.794	10.35	0.813	234.9965971	734.6
211	9.00	6.01	9.967	0.81567	225.7836432	579.767
211	9.30	6.057	10.927	0.768	302.9716307	1084.07
211	10.00	5.381	10.88	0.768	302.0264666	640.267
211	10.30	5.211	10.89	0.75833	314.8244961	471.8
211	11.00	5.605	10.827	0.747	328.206168	496.067
211	11.30	5.066	11.107	0.74	343.6208641	495.567
211	12.00	5.2	11.617	0.718	385.501726	508.533
211	12.30	5.386	11.653	0.715	390.5309368	470.167
211	13.00	4.008	11.733	0.723	381.580053	451.433
211	13.30	5.161	12.197	0.70293	421.9382455	620.433
211	14.00	5.406	11.89	0.7253	382.353334	629.733
211	14.30	6.253	12.273	0.6668	475.6267917	596.333
211	15.00	5.25	11.583	0.6822	433.4658476	455.133
211	15.30	6.128	11.213	0.71433	380.2112584	460.433
211	16.00	7.23	11.453	0.70833	394.4188844	685.8
211	16.30	6.262	10.1	0.792	257.0551855	334.433
211	17.00	5.576	10.003	0.81967	221.4172405	369.1
211	17.30	6.344	10.147	0.77667	276.8697486	307.833
211	18.00	5.643	9.99	0.757	298.1066588	214.633
211	18.30	5.487	9.377	0.80133	233.8981075	100.4
211	19.00	4.837	8.72	0.871	145.2890791	55.437
211	19.30	4.315	8.3	0.91933	88.30706906	44.893
211	20.00	3.874	8.07	0.94333	61.07317143	26.957
211	20.30	3.685	7.94	0.94767	55.89935482	13.137
211	21.00	3.184	7.71	0.964	37.85757181	5.756
211	21.30	2.778	7.663	0.973	28.30229915	2.064
211	22.00	2.133	7.697	0.977	24.16534713	0.629
211	22.30	2.311	7.727	0.97967	21.4038107	0.219
211	23.00	2.14	7.663	0.98	20.96466603	0.055
211	23.30	2.24	7.493	0.979	21.75889649	0.041
211	23.59	2.139	7.44	0.97933	21.3395484	0.068
212	0.30	2.033	7.167	0.97833	21.95793472	0.123
212	1.00	1.637	7.217	0.98	20.33525648	0
212	1.30	1.634	7.227	0.98	20.34918399	0.205
212	2.00	1.972	7.23	0.98	20.35336388	0.205
212	2.30	2.141	7.413	0.981	19.57928558	0.602
212	3.00	1.857	7.54	0.982	18.71045219	2.639
212	3.30	1.164	7.607	0.98233	18.45163703	6.838
212	4.00	1.982	7.753	0.98367	17.22303901	12.73
212	4.30	2.352	8.12	0.98467	16.57737385	31.723
212	5.00	2.354	8.52	0.98633	15.1890749	71.127
212	5.30	2.655	9.023	0.98733	14.56501159	181.933
212	6.00	2.375	9.54	0.98733	15.08104927	282.1
212	6.30	3.102	10.083	0.98333	20.57806988	228.4
212	7.00	3.314	11	0.97333	34.99803122	548.933
212	7.30	3.531	11.493	0.94833	70.05740674	446.6
212	8.00	3.111	11.52	0.94333	76.97410023	369.067
212	8.30	3.344	11.247	0.96733	43.58013435	251.733
212	9.00	3.321	11.49	0.97467	34.33717595	229.433
212	9.30	3.237	12.413	0.96933	44.18463801	826.867
212	10.00	2.661	12.627	0.946	78.895321	547.633
212	10.30	3.024	13.183	0.90267	147.4703448	708.433
212	11.00	2.737	13.177	0.88667	171.6456182	532.567
212	11.30	2.221	13.397	0.87867	186.4186	552.133
212	12.00	2.542	13.55	0.84867	234.8413884	459.167
212	12.30	2.918	13.91	0.823	281.1818137	434.567
212	13.00	2.548	13.183	0.84767	230.8040442	178.3
212	13.30	2.692	12.34	0.84967	215.5360884	147.4
212	14.00	1.708	11.847	0.87367	175.3398781	271.433
212	14.30	2.253	14.267	0.77467	366.3399774	1129.67
212	15.00	2.53	15.217	0.69087	534.3394595	1049.67
212	15.30	2.069	15.463	0.68937	545.4791391	939.7
212	16.00	1.533	15.397	0.66427	587.0648319	662.2
212	16.30	1.738	14.327	0.721	455.3612198	242.833
212	17.00	1.179	14.187	0.74367	414.5861409	256.267
212	17.30	0.771	15.093	0.65973	583.4955514	680.267
212	18.00	1.299	14.42	0.72683	448.5361112	230.5
212	18.30	1.004	12.877	0.892	160.3962985	141.733
212	19.00	1.474	12.673	0.922	114.3041381	88.88
212	19.30	1.234	12.043	0.934	92.79625578	77.313
212	20.00	1.756	11.27	0.943	76.15114953	74.67
212	20.30	2.155	10.56	0.95633	55.65290444	37.28
212	21.00	1.987	10.107	0.96667	41.20991688	15.933
212	21.30	2.451	9.2	0.96433	41.4974196	4.483
212	22.00	2.377	9.083	0.97367	30.39086832	0.916
212	22.30	2.36	9.217	0.979	24.45877867	0.26
212	23.00	2.506	9.717	0.98367	19.66996219	0.273
212	23.30	2.659	9.767	0.98333	20.14697855	0.15
212	23.59	2.673	9.397	0.98067	22.78823648	0.055


