Program:    MAESTRA: Version September 2001                                     
Control:    ***  SAMPLE CONTROL  ***                                            
Trees:      *** SAMPLE TREES FILE ***                                           
Structure:  *** SAMPLE STR FILE ***                                             
Physiology: *** SAMPLE PHY FILE ***                                             
Met data:   *** SAMPLE MET FILE : HALF-HOURLY DATA ***                          
                                                                Soil data:  None
                                                                                
DOY:   day of the year
Hour:  hour of the day
hrPAR: absorbed PAR              umol m-2 s-1
hrNIR: absorbed NIR              W m-2
hrTHM: absorbed thermal          W m-2
hrPS: photosynthesis (net of leaf resp) umol m-2 s-1
hrRf:  hourly leaf respiration   umol m-2 s-1
hrRmW: hourly woody Rm           umol m-2 s-1
hrLE:  hourly transpiration      mmol m-2 s-1
hrEV:  hourly evaporation        mmol m-2 s-1
LECAN: hourly transpiration: CANOPY calc      
Gscan: canopy stomatal conductance: mol CO2 m-1 s-1
hrH:   hourly sensible heat flux  J m-2 s-1
TCAN: Average foliage temperature deg C
                                                                                
Columns: DOY, HOUR, hrPAR, hrNIR, hrTHM, hrPs, hrRf, hrRmW, hrLE, hrEV, LECAN, Gscan, hrH, TCAN
   1    1      0.00000      0.00000      0.00000   -0.3710772    0.3710772    0.2260840    0.0000000    0.0000000    0.0000000    0.0000000    0.0000000   10.5030003
   1    2      0.00000      0.00000      0.00000   -0.3717011    0.3717011    0.2265076    0.0000000    0.0000000    0.0000000    0.0000000    0.0000000   10.5270004
   1    3      0.00000      0.00000      0.00000   -0.3682309    0.3682309    0.2241525    0.0000000    0.0000000    0.0000000    0.0000000    0.0000000   10.3929996
   1    4      0.00000      0.00000      0.00000   -0.3667902    0.3667902    0.2231755    0.0000000    0.0000000    0.0000000    0.0000000    0.0000000   10.3369999
   1    5      0.00000      0.00000      0.00000   -0.3594949    0.3594949    0.2182350    0.0000000    0.0000000    0.0000000    0.0000000    0.0000000   10.0500002
   1    6      8.90769      0.84695    -11.22789    0.4461512    0.3530855    0.2139038    0.0297046    0.0000000    0.0299626    0.0073567    0.0000000   14.6337986
   1    7     18.40162      1.74964    -10.92342    1.2729990    0.3473733    0.2100515    0.0725868    0.0000000    0.0730748    0.0186645    0.0000000   14.2856226
   1    8     35.43767      3.36945    -10.79302    2.6764421    0.3449503    0.2084194    0.1451305    0.0000000    0.1460282    0.0383754    0.0000000   14.1361942
   1    9     60.81820      5.78266    -10.97959    4.5714264    0.3484206    0.2107571    0.2556293    0.0000000    0.2574261    0.0645976    0.0000000   14.3498764
   1   10    107.03994      9.61159     -2.27222    6.9013538    0.3544227    0.2148067    0.4165578    0.0000000    0.4233591    0.0950555    0.0000000   14.7144909
   1   11    154.51848     13.56937     -0.09765    8.3694706    0.3607554    0.2190878    0.5467130    0.0000000    0.5577046    0.1120914    0.0000000   15.0925522
   1   12    254.49202     21.49177      6.46470    9.3608799    0.3660209    0.2226539    0.6547657    0.0000000    0.6788481    0.1227846    0.0000000   15.4018745
   1   13    366.80872     31.88908     12.59002   10.2408457    0.3852915    0.2357549    0.8180273    0.0000000    0.8586625    0.1282935    0.0000000   16.4972000
   1   14    382.77707     33.84697     13.92874   10.4516973    0.4004986    0.2461464    0.8899888    0.0000000    0.9349922    0.1282062    0.0000000   17.3235569
   1   15    514.56769     45.84854     14.61536   11.7638931    0.4317688    0.2676549    1.1538471    0.0000000    1.2189591    0.1349211    0.0000000   18.9284496
   1   16    528.13104     48.46247     15.32236   12.1219702    0.4538652    0.2829620    1.2826459    0.0000000    1.3554614    0.1328538    0.0000000   19.9938965
   1   17    281.31116     26.84279     -2.91362   12.2992210    0.4357158    0.2703828    1.1948442    0.0000000    1.2101171    0.1375028    0.0000000   19.1227131
   1   18    290.14163     28.00350     -3.42497   12.5399504    0.4379480    0.2719267    1.2267443    0.0000000    1.2429147    0.1396279    0.0000000   19.2317963
   1   19    196.38620     18.64880    -13.48682   11.1046867    0.4091125    0.2520528    0.9392542    0.0000000    0.9403059    0.1343471    0.0000000   17.7778282
   1   20    324.69763     31.50620     -2.22852   12.8291597    0.4203175    0.2597570    1.1638194    0.0000000    1.1868420    0.1508651    0.0000000   18.3546371
   1   21    444.60028     43.94370      8.99444   13.1910791    0.4616514    0.2883764    1.4091369    0.0000000    1.4539292    0.1418469    0.0000000   20.3570137
   1   22    411.75162     40.71447      4.32091   13.4430351    0.4683895    0.2930703    1.4683225    0.0000000    1.5037951    0.1399406    0.0000000   20.6663322
   1   23    411.39484     40.38300      2.92511   13.4618282    0.4661000    0.2914745    1.4714040    0.0000000    1.5033131    0.1380266    0.0000000   20.5617332
   1   24    413.69678     40.34295      1.98395   13.5361862    0.4743285    0.2972141    1.5111328    0.0000000    1.5464846    0.1362235    0.0000000   20.9353104
   1   25    451.34686     44.41845      6.43538   13.3882895    0.4854131    0.3049636    1.5529326    0.0000000    1.6015732    0.1272959    0.0000000   21.4284363
   1   26    406.62244     39.48660      1.22403   13.4543552    0.4867740    0.3059166    1.5567533    0.0000000    1.5872153    0.1273890    0.0000000   21.4882088
   1   27    412.30182     39.84998      1.83563   13.3884840    0.5022461    0.3167709    1.6019205    0.0000000    1.6292055    0.1209181    0.0000000   22.1561623
   1   28    477.43948     46.35708     10.04797   12.9745197    0.5096836    0.3220023    1.5872887    0.0000000    1.6350479    0.1165105    0.0000000   22.4699707
   1   29    476.05011     46.81561     13.68048   12.4190874    0.5247439    0.3326220    1.5634830    0.0000000    1.6144751    0.1074236    0.0000000   23.0916004
   1   30    353.13818     35.21881      4.59793   12.6704750    0.5093270    0.3217512    1.5302351    0.0000000    1.5531824    0.1088236    0.0000000   22.4550285
   1   31    368.64212     35.97024      6.95181   12.3040228    0.5322909    0.3379570    1.5491894    0.0000000    1.5728825    0.1034292    0.0000000   23.3964424
   1   32    266.93701     25.18084     -5.55890   12.1650887    0.4959574    0.3123544    1.4232973    0.0000000    1.4258809    0.1074191    0.0000000   21.8871899
   1   33    544.28613     47.82784     12.27909   11.8110209    0.5500945    0.3505764    1.5320547    0.0000000    1.5824569    0.0906103    0.0000000   24.0987740
   1   34    279.64825     24.74029     -2.57789   11.4281912    0.4973480    0.3133305    1.3426594    0.0000000    1.3505678    0.0976790    0.0000000   21.9469643
   1   35    480.07062     39.23005      9.63391   11.1365299    0.5147032    0.3255378    1.3776451    0.0000000    1.4149786    0.0935030    0.0000000   22.6791725
   1   36    192.47545     16.81717     -5.44576   10.0873489    0.4641465    0.2901136    1.1043422    0.0000000    1.1034780    0.0940760    0.0000000   20.4720745
   1   37    144.51822     12.80940     -7.42293    8.8049126    0.4640490    0.2900457    0.9617322    0.0000000    0.9595134    0.0835458    0.0000000   20.4675865
   1   38     62.29115      5.91514    -15.41398    4.4566073    0.4400992    0.2734155    0.4563998    0.0000000    0.4545307    0.0465029    0.0000000   19.3363991
   1   39     29.30574      2.78642    -14.40372    2.0457165    0.4175900    0.2578796    0.1928531    0.0000000    0.1928163    0.0236985    0.0000000   18.2156601
   1   40     32.71933      3.11099    -13.60119    2.3538637    0.4004145    0.2460888    0.2009088    0.0000000    0.2008077    0.0286975    0.0000000   17.3190784
   1   41     35.88860      3.41232    -13.57050    2.6134083    0.3997703    0.2456477    0.2210703    0.0000000    0.2212285    0.0317755    0.0000000   17.2847099
   1   42     24.49075      2.32861    -12.63560    1.7144965    0.3805472    0.2325224    0.1382759    0.0000000    0.1384772    0.0216804    0.0000000   16.2327118
   1   43      8.09069      0.76927    -10.80608    0.4018803    0.3451918    0.2085821    0.0279628    0.0000000    0.0281626    0.0062278    0.0000000   14.1511326
   1   44      0.00000      0.00000      0.00000   -0.3302996    0.3302996    0.1985801    0.0000000    0.0000000    0.0000000    0.0000000    0.0000000    8.8400002
   1   45      0.00000      0.00000      0.00000   -0.3080340    0.3080340    0.1837225    0.0000000    0.0000000    0.0000000    0.0000000    0.0000000    7.8429999
   1   46      0.00000      0.00000      0.00000   -0.3074740    0.3074740    0.1833503    0.0000000    0.0000000    0.0000000    0.0000000    0.0000000    7.8169999
   1   47      0.00000      0.00000      0.00000   -0.3111547    0.3111547    0.1857978    0.0000000    0.0000000    0.0000000    0.0000000    0.0000000    7.9870000
   1   48      0.00000      0.00000      0.00000   -0.3138453    0.3138453    0.1875889    0.0000000    0.0000000    0.0000000    0.0000000    0.0000000    8.1099997
   2    1      0.00000      0.00000      0.00000   -0.3055429    0.3055429    0.1820677    0.0000000    0.0000000    0.0000000    0.0000000    0.0000000    7.7270002
   2    2      0.00000      0.00000      0.00000   -0.3058211    0.3058211    0.1822524    0.0000000    0.0000000    0.0000000    0.0000000    0.0000000    7.7399998
   2    3      0.00000      0.00000      0.00000   -0.3070437    0.3070437    0.1830645    0.0000000    0.0000000    0.0000000    0.0000000    0.0000000    7.7969999
   2    4      0.00000      0.00000      0.00000   -0.3110023    0.3110023    0.1856963    0.0000000    0.0000000    0.0000000    0.0000000    0.0000000    7.9800000
   2    5      0.00000      0.00000      0.00000   -0.3089842    0.3089842    0.1843542    0.0000000    0.0000000    0.0000000    0.0000000    0.0000000    7.8870001
   2    6      4.98531      0.47399    -11.51262    0.1575530    0.3080341    0.1837225    0.0085703    0.0000000    0.0086440    0.0035839    0.0000000   11.7198887
   2    7     10.98486      1.04440    -11.47931    0.7047541    0.3074740    0.1833503    0.0269917    0.0000000    0.0271306    0.0113436    0.0000000   11.6810389
   2    8     30.94803      2.94243    -11.13780    2.3748405    0.3017806    0.1795713    0.0902038    0.0000000    0.0905003    0.0362532    0.0000000   11.2820568
   2    9     55.72972      5.29859    -10.92977    4.2633595    0.2983568    0.1773027    0.1774201    0.0000000    0.1786286    0.0628374    0.0000000   11.0384846
   2   10     58.95150      5.59086    -10.39416    4.4985809    0.2896926    0.1715750    0.1718981    0.0000000    0.1739637    0.0672413    0.0000000   10.4093781
   2   11    132.56404     11.84758     -3.30553    7.8140287    0.3025633    0.1800903    0.3414887    0.0000000    0.3541517    0.1140633    0.0000000   11.3373461
   2   12    160.73273     14.34547     -4.38721    8.8022909    0.3189391    0.1909845    0.4742801    0.0000000    0.4864380    0.1216351    0.0000000   12.4625607
   2   13    439.64706     38.19382     10.82228   10.6151047    0.3489087    0.2110862    0.7420164    0.0000000    0.8074265    0.1376171    0.0000000   14.3797636
   2   14    237.28741     21.72632     -0.88042   10.2678976    0.3466446    0.2095605    0.7044523    0.0000000    0.7252837    0.1309529    0.0000000   14.2407932
   2   15    176.30721     16.59786     -9.87447    9.8628025    0.3312258    0.1992006    0.5752701    0.0000000    0.5851049    0.1333549    0.0000000   13.2694893
   2   16    214.69260     20.21370     -7.49354   10.5334463    0.3331557    0.2004944    0.6291352    0.0000000    0.6463835    0.1416255    0.0000000   13.3935204
   2   17    221.57820     21.05652     -8.01954   10.6329498    0.3289843    0.1976992    0.6218944    0.0000000    0.6403705    0.1436411    0.0000000   13.1245441
   2   18    298.22293     28.81052     -1.40637   11.4211121    0.3442989    0.2079810    0.7353038    0.0000000    0.7790070    0.1512747    0.0000000   14.0958462
   2   19    405.33481     39.21501      6.95637   11.7997494    0.3606797    0.2190366    0.8819110    0.0000000    0.9573656    0.1478958    0.0000000   15.0880661
   2   20    284.17697     27.37305     -6.98855   11.7765417    0.3599231    0.2185246    0.8504137    0.0000000    0.8807500    0.1482279    0.0000000   15.0432396
   2   21    273.74057     26.17934     -9.22977   11.7431068    0.3603263    0.2187975    0.8509353    0.0000000    0.8799739    0.1470157    0.0000000   15.0671482
   2   22    435.46692     43.28415      6.96729   12.4678259    0.3879166    0.2375454    1.0669104    0.0000000    1.1653810    0.1472216    0.0000000   16.6421528
   2   23    256.33755     24.45350    -12.85481   11.8013821    0.3794832    0.2317981    0.9588492    0.0000000    0.9676929    0.1387158    0.0000000   16.1729393
   2   24    173.89426     16.53327    -14.96181   10.1552496    0.3709215    0.2259782    0.7803476    0.0000000    0.7737230    0.1223896    0.0000000   15.6857910
   2   25    378.08105     36.73212     -1.42804   12.6426268    0.3911887    0.2397792    1.0694420    0.0000000    1.1187968    0.1501759    0.0000000   16.8214703
   2   26    382.07959     36.97373     -1.68457   12.8378506    0.4116980    0.2538285    1.1949041    0.0000000    1.2398689    0.1435251    0.0000000   17.9123211
   2   27    495.85562     48.41045      9.97619   12.6873741    0.4319501    0.2677802    1.2819524    0.0000000    1.3851385    0.1376996    0.0000000   18.9374161
   2   28    324.89502     31.10320     -6.58422   12.8141766    0.4264522    0.2639851    1.2333081    0.0000000    1.2576611    0.1406281    0.0000000   18.6639519
   2   29    250.31937     23.85506    -12.88665   12.2353649    0.4263626    0.2639233    1.1540564    0.0000000    1.1495955    0.1360782    0.0000000   18.6594753
   2   30    196.46690     18.67448    -15.16642   11.0656929    0.3964263    0.2433592    0.8515148    0.0000000    0.8497683    0.1401561    0.0000000   17.1053886
   2   31    310.54855     30.03205     -0.80876   12.3759537    0.4182629    0.2583426    1.0743097    0.0000000    1.1118758    0.1509001    0.0000000   18.2500324
   2   32    189.38852     17.95219    -13.64989   10.8627968    0.3954009    0.2426579    0.8188550    0.0000000    0.8133948    0.1387705    0.0000000   17.0501003
   2   33    193.16643     18.06907    -11.60764   10.8527193    0.3928352    0.2409040    0.8471052    0.0000000    0.8459027    0.1352124    0.0000000   16.9111328
   2   34    418.88751     35.39175      8.86139   10.9718494    0.4204351    0.2598380    1.0129277    0.0000000    1.0959753    0.1303595    0.0000000   18.3606110
   2   35     87.48974      8.31822    -15.48483    6.3183789    0.3813471    0.2330671    0.4083363    0.0000000    0.4062948    0.0865404    0.0000000   16.2775421
   2   36    124.41478     11.50663    -11.88955    8.3968029    0.3610838    0.2193101    0.3340645    0.0000000    0.3450871    0.1297974    0.0000000   15.1119785
   2   37    148.11850     13.05497     -5.97465    8.8692055    0.3725607    0.2270914    0.4134673    0.0000000    0.4316634    0.1338609    0.0000000   15.7799377
   2   38     85.12732      7.95426    -11.30343    6.1906552    0.3736054    0.2278010    0.3075593    0.0000000    0.3101172    0.0919971    0.0000000   15.8397064
   2   39     98.47459      9.36262    -15.25606    7.0114088    0.3767569    0.2299433    0.3811140    0.0000000    0.3799696    0.1014942    0.0000000   16.0190239
   2   40     57.87527      5.50258    -15.51130    4.3219061    0.3818814    0.2334310    0.2400525    0.0000000    0.2371361    0.0627913    0.0000000   16.3074265
   2   41     37.56353      3.57141    -15.07524    2.8085625    0.3731610    0.2274992    0.1365596    0.0000000    0.1347510    0.0422508    0.0000000   15.8143063
   2   42     21.31026      2.02611    -14.34783    1.4982300    0.3589920    0.2178949    0.0722135    0.0000000    0.0716569    0.0230822    0.0000000   14.9879494
   2   43      0.00000      0.00000      0.00000   -0.3390374    0.3390374    0.2044425    0.0000000    0.0000000    0.0281626    0.0000000    0.0000000    9.2130003
   2   44      0.00000      0.00000      0.00000   -0.3199901    0.3199901    0.1916860    0.0000000    0.0000000    0.0000000    0.0000000    0.0000000    8.3870001
   2   45      0.00000      0.00000      0.00000   -0.3084008    0.3084008    0.1839663    0.0000000    0.0000000    0.0000000    0.0000000    0.0000000    7.8600001
   2   46      0.00000      0.00000      0.00000   -0.2989840    0.2989840    0.1777181    0.0000000    0.0000000    0.0000000    0.0000000    0.0000000    7.4169998
   2   47      0.00000      0.00000      0.00000   -0.2883573    0.2883573    0.1706940    0.0000000    0.0000000    0.0000000    0.0000000    0.0000000    6.9000001
   2   48      0.00000      0.00000      0.00000   -0.2770977    0.2770977    0.1632839    0.0000000    0.0000000    0.0000000    0.0000000    0.0000000    6.3309999
   3    1      0.00000      0.00000      0.00000   -0.2646796    0.2646796    0.1551513    0.0000000    0.0000000    0.0000000    0.0000000    0.0000000    5.6760001
   3    2      0.00000      0.00000      0.00000   -0.2603978    0.2603978    0.1523570    0.0000000    0.0000000    0.0000000    0.0000000    0.0000000    5.4429998
   3    3      0.00000      0.00000      0.00000   -0.2559341    0.2559341    0.1494498    0.0000000    0.0000000    0.0000000    0.0000000    0.0000000    5.1960001
   3    4      0.00000      0.00000      0.00000   -0.2536334    0.2536334    0.1479536    0.0000000    0.0000000    0.0000000    0.0000000    0.0000000    5.0669999
   3    5      0.00000      0.00000      0.00000   -0.2497749    0.2497749    0.1454477    0.0000000    0.0000000    0.0000000    0.0000000    0.0000000    4.8480000
   3    6     13.77164      1.30905     -5.62191    0.9947728    0.2521465    0.1469873    0.0151551    0.0000000    0.0158645    0.0172107    0.0000000    7.4461565
   3    7     32.78864      3.11669     -5.98060    2.5818517    0.2572633    0.1503149    0.0436708    0.0000000    0.0462234    0.0430010    0.0000000    7.8750243
   3    8     70.91846      6.74109     -6.58553    5.3026552    0.2660915    0.1560737    0.1155473    0.0000000    0.1235533    0.0858174    0.0000000    8.5952835
   3    9    112.13279     10.65868     -7.29609    7.4595747    0.2767875    0.1630803    0.2190750    0.0000000    0.2334429    0.1163106    0.0000000    9.4365807
   3   10    189.58011     16.16746      8.56773    7.4458652    0.2932631    0.1739331    0.3352818    0.0000000    0.3760614    0.1078580    0.0000000   10.6708803
   3   11    274.08322     22.80169     10.03146    8.6387453    0.3142850    0.1878817    0.4555032    0.0000000    0.5194495    0.1218935    0.0000000   12.1487579
   3   12    362.45706     29.80529     11.38215    9.5431108    0.3370732    0.2031232    0.5714910    0.0000000    0.6710408    0.1323619    0.0000000   13.6430702
   3   13    367.13501     31.91216     12.63177   10.0979338    0.3596711    0.2183542    0.6890671    0.0000000    0.7903251    0.1351985    0.0000000   15.0282936
   3   14    411.43903     36.43276     13.52169   10.7788372    0.3890042    0.2382877    0.8404701    0.0000000    0.9637241    0.1397089    0.0000000   16.7019272
   3   15    463.70520     41.42047     14.11781   11.3242531    0.4232700    0.2617911    1.0637285    0.0000000    1.1817033    0.1343793    0.0000000   18.5040627
   3   16    489.45999     44.81344     14.81471   11.7848759    0.4459916    0.2774977    1.1998459    0.0000000    1.3260007    0.1344741    0.0000000   19.6203194
   3   17    446.50082     43.01833     15.27943   11.6244659    0.4689472    0.2934592    1.2897915    0.0000000    1.3729770    0.1217207    0.0000000   20.6917381
   3   18    473.20639     47.00640     15.46062   12.0554428    0.4953676    0.3119406    1.4352930    0.0000000    1.5079406    0.1176108    0.0000000   21.8617821
   3   19    493.04889     48.22457     15.72342   11.9924822    0.5087212    0.3213249    1.4771692    0.0000000    1.5564052    0.1092160    0.0000000   22.4296188
   3   20    519.36304     52.40020     15.93546   12.3905973    0.5161463    0.3265551    1.5490059    0.0000000    1.6438484    0.1101698    0.0000000   22.7389450
   3   21    425.51791     41.81693      4.78697   13.2446232    0.5122948    0.3238409    1.6147426    0.0000000    1.6675704    0.1165180    0.0000000   22.5790520
   3   22    494.33960     50.08795     13.17581   12.6632013    0.5459898    0.3476627    1.6475537    0.0000000    1.7435896    0.1043114    0.0000000   23.9388752
   3   23    523.00739     52.73294     14.34188   12.3503942    0.5600410    0.3576470    1.6257596    0.0000000    1.7505888    0.0936987    0.0000000   24.4813118
   3   24    279.45947     26.67280    -14.34353   12.6637306    0.5207188    0.3297803    1.5128437    0.0000000    1.4792514    0.1008884    0.0000000   22.9272270
   3   25    244.43182     23.27936    -17.51057   12.1927967    0.5229104    0.3313273    1.4619675    0.0000000    1.4217615    0.0981544    0.0000000   23.0168934
   3   26    206.23189     19.59125    -18.85009   11.2986183    0.5120438    0.3236642    1.3247350    0.0000000    1.2698140    0.0924777    0.0000000   22.5685921
   3   27    209.84442     19.92306    -17.71873   11.6447086    0.4908804    0.3087935    1.3256438    0.0000000    1.3058004    0.1110790    0.0000000   21.6675243
   3   28    352.51422     33.77877     -3.01164   13.3804665    0.4719110    0.2955265    1.4405093    0.0000000    1.4718471    0.1417399    0.0000000   20.8262329
   3   29    369.62839     35.66934      0.28074   13.2717838    0.5044659    0.3183313    1.5741280    0.0000000    1.6085353    0.1252341    0.0000000   22.2503071
   3   30    188.48650     17.91259    -16.44089   11.0321045    0.4660999    0.2914745    1.1591039    0.0000000    1.1145468    0.1136032    0.0000000   20.5617332
   3   31    248.77846     23.85100     -8.88468   12.3202324    0.4789998    0.3004774    1.3598568    0.0000000    1.3327996    0.1201819    0.0000000   21.1445160
   3   32    441.25571     41.05780     13.58572   11.4190817    0.5127611    0.3241695    1.4147049    0.0000000    1.5353675    0.1026184    0.0000000   22.5984859
   3   33    505.41653     44.32739     11.84620   11.7612104    0.5358800    0.3404971    1.5191628    0.0000000    1.6380706    0.1006151    0.0000000   23.5398979
   3   34    413.06320     34.88957      7.93433   11.1500998    0.5285779    0.3353311    1.4055777    0.0000000    1.4615781    0.0943430    0.0000000   23.2470131
   3   35    374.24115     30.82575      6.16904   10.7273626    0.5219595    0.3306560    1.3323811    0.0000000    1.3721170    0.0906131    0.0000000   22.9780369
   3   36    129.25060     11.87743    -13.96353    8.5037441    0.4731015    0.2963575    0.9216861    0.0000000    0.8994174    0.0854544    0.0000000   20.8800201
   3   37    247.75237     20.31751      5.32006    9.0612593    0.4652200    0.2908613    0.9643748    0.0000000    0.9939928    0.0975821    0.0000000   20.5213871
   3   38    198.73282     17.42937      2.35248    8.6032219    0.4848357    0.3045595    0.9585618    0.0000000    0.9610480    0.0867150    0.0000000   21.4030342
   3   39    127.80190     12.14809    -17.33325    8.4894466    0.4715807    0.2952961    0.8682399    0.0000000    0.7506225    0.0892808    0.0000000   20.8112831
   3   40     63.51665      6.03752    -15.81347    4.5788298    0.4362040    0.2707204    0.4329085    0.0000000    0.4117807    0.0521542    0.0000000   19.1466179
   3   41     31.37441      2.98226    -13.69757    2.2913733    0.3907235    0.2394615    0.1612822    0.0000000    0.1544938    0.0305285    0.0000000   16.7960682
   3   42     14.53253      1.38138    -12.82017    0.9143922    0.3730827    0.2274459    0.0512462    0.0000000    0.0479072    0.0141271    0.0000000   15.8098202
   3   43      0.00000      0.00000      0.00000   -0.3830594    0.3830594    0.2342335    0.0000000    0.0000000    0.0281626    0.0000000    0.0000000   10.9569998
   3   44      0.00000      0.00000      0.00000   -0.3660208    0.3660208    0.2226539    0.0000000    0.0000000    0.0000000    0.0000000    0.0000000   10.3070002
   3   45      0.00000      0.00000      0.00000   -0.3549192    0.3549192    0.2151421    0.0000000    0.0000000    0.0000000    0.0000000    0.0000000    9.8669996
   3   46      0.00000      0.00000      0.00000   -0.3445400    0.3445400    0.2081432    0.0000000    0.0000000    0.0000000    0.0000000    0.0000000    9.4429998
   3   47      0.00000      0.00000      0.00000   -0.3351205    0.3351205    0.2018124    0.0000000    0.0000000    0.0000000    0.0000000    0.0000000    9.0469999
   3   48      0.00000      0.00000      0.00000   -0.3220125    0.3220125    0.1930364    0.0000000    0.0000000    0.0000000    0.0000000    0.0000000    8.4770002
